78.00396325
58.59244089
59.92559382
70.22911833
73.74693052
81.18118118
79.8629497
71.31848115
68.84213539
69.86346986
74.9676752
75.7551795
71.48630445
72.35593453
80.03126221
75.20771911
63.95128552
72.2218554
77.51733245
69.09865153
69.01352426
80.92626447
66.63938898
75.52595543
63.30275229
72.56742464
63.52367836
62.15842269
53.21405953
58.86649138
54.69381411
66.19519095
61.57711635
61.96692776
76.96481166
39.59497207
68.51243548
58.77094972
66.91716183
75.70058997
62.016
34.07019912
71.86904556
58.7092452
50.11732499
61.86078331
58.90342052
60.89019431
67.87954831
67.0160174
54.76121563
64.34960865
48.34059671
74.30959302
62.00794974
69.20989625
62.84478903
58.33771699
59.34474328
60.07333909
75.78766703
59.69672785
67.91963707
55.10334153
68.28638209
70.60383517
67.8200692
69.36135812
47.66452768
53.06961055
58.53396389
66.58706036
74.90128332