87.95781835
75.56153329
53.88607932
66.22314984
47.64605786
86.05215282
39.74197609
64.15758592
50.30155539
28.78341101
61.84905122
57.87059392
35.45580384
36.80337756
68.78990349
42.42077922
56.56551724
70.71486596
40.75196409
42.66008016
43.50866207
64.99187747
56.39581657
65.40613544
36.96346576
50.73687031
48.71409987
49.85311718
51.42200169
53.79912664
46.56478579
38.91533492
53.01569023
57.10972605
51.68600239
59.07089898
80.25309781
69.41743161
64.60142978
55.69410867
58.39300886
57.61433286
26.76856486
19.08685969
48.71626932
36.01548458
77.71233726
49.51977049
46.77565849
33.42505665
38.65453975
37.32517483
51.90311419
48.30703625
58.36180626
61.26527418
44.19722321
46.05812817
69.66331541
69.7440585
79.39880798
52.10658985
37.38410596
49.90619137
54.43888492
40.54114741
48.23569716
51.43160127
64.61565585
62.20546654
34.57147451
34.30480787
38.78653553
78.56822598
65.13043478
63.19145986
53.36613154
68.24712644
34.18491484
24.0063762
41.05821411
64.84092552
27.9880164
49.01435872
47.27639543
65.6172912
61.99619962
48.69040612
50.84760057
53.79150157
82.6934921
40.59834054
63.82038489
41.6006186
37.6538146
56.63855658
46.08382727
75.05849966
51.01580135