46.17334009
74.40844558
34.66204506
37.4314693
29.41916305
31.95209835
43.75676261
39.45257197
31.07602149
32.98157318
58.02215839
52.46928166
38.24658986
52.13080984
44.18094442
46.26400996
61.70753589
59.3524342
56.30986389
65.30847588
64.89380689
55.47719793
70.14767932
41.93145305
34.946084
56.93451129
34.18112669
58.68138425
42.94418453
53.81419135
50.47967905
46.29827507
71.35030046
54.70328283
85.73841246
49.36446174
33.23361823
35.70195919
75.4040205
56.39684369
39.86519018
66.3319641
62.78918517
69.09781328
75.83768311
43.40464194
44.42890443
69.15099558
38.37505795
50.05847953
51.83745583
59.75581663
68.99643778
45.85510521
59.04548844
59.99033583
40.9989985
69.87686455
75.64784053
39.32428929
44.73919523
62.29454306
48.66404964
59.65095465
60.98484848
46.84773663
61.24378594
53.36389543
70.96398182
39.82199722
78.76712329
47.73032952
38.34556477
34.971499
72.33452886
59.94429882
47.78617711
50.45385779
51.36876006
48.1380315
53.85511544
44.56521739
68.95306859
53.87689848
50.07651109
80.82061069
62.02247191
45.92220828
40.20027221
49.65965347
49.70308123
55.46997799
65.86701927
29.84389348
48.56146469
59.40075886
40.58021267
66.22516556
54.41704295
56.74587588
50.16967879
71.95732637
31.62790698
38.19832402
57.8988176
45.63563425
73.58960903
57.64082174
48.01555377
70.63016362
79.15947035
57.25469729
47.33421947
77.72940388
60.34455999
55.52284375
83.96376545