96.69459963
97.76668746
99.56593634
98.08725378
99.36299936
96.59747486
98.50578587
99.9425012
98.38145588
99.30582091
99.49462015
96.11060119
99.60846462
98.77357044
99.57604185
99.33665008
96.93165969
99.23782172
97.37898007
97.7767626
98.45242015
99.63605641
99.19705587
98.76313485
99.33597621
99.17074712
98.61436027
99.82093116
98.63206441
97.52392082
98.86029063
98.83792049
99.07160494
99.92100066
99.17651618
96.53457653
98.18011257
98.93844781
99.6100373
99.24048543
98.03882595
99.96586254
99.12663755
98.0881747
99.25917915
99.83247243
98.8582642
98.96037056
99.67159278
100
99.54206463
98.48689543
99.32373684
99.26385681
97.73722628
99.23219486
99.25688926
99.44587374
99.36340346
98.79483773
99.76584858
99.65584154
99.71004171
99.53942318
99.20820877
99.86045214
99.7693786
99.48738979
98.86821117
99.84439524
97.90030632
99.04731661
99.69424993
98.59804576
99.58283671
97.6329588
99.08001453
99.21259843
98.79348167
99.25466617
99.35977906
99.50580146
99.7063512
99.94148625
98.85271622
97.20532487
99.62676439
99.3233892
99.97493734
99.29293643