93.92548966
91.72137952
98.2808694
94.61379909
97.09605847
97.39887914
95.62032715
96.14190925
96.68677678
97.30744816
94.18906016
93.42912053
95.48366601
97.68599489
97.5958873
97.50315451
93.46863171
94.03209957
97.43618896
95.96268968
95.47439226
95.99753695
95.8716937
97.46226079
97.65831648
97.1003022
96.68275365
98.13859453
95.65785381
97.01432802
98.195
97.22773681
93.93103448
96.29918426
97.74047773
93.54974959
96.35334976
96.5918958
96.41633213
97.92440352
91.20658949
91.08192506
95.49288618
94.54699767
98.2116345
96.17912901
97.74925595
96.22807368
96.85873272
97.17325881
94.47361625
96.27675027
98.38942525
98.27394535
98.4202721
96.3880656
98.04188992
96.81024447
97.84199804
96.66409067
97.93052476
95.81531981
96.66666667
97.35244812
96.58758911
96.62114599
97.61794753
98.1371625
97.676097
96.22239826
98.37131454
96.61841128
95.29912365
98.00266946
96.54595695
97.37642985
98.1502515
96.8720778
97.84300935
97.43274404