92.59228673
92.96304492
91.06431801
82.39753195
85.34713764
84.4992503
79.44269594
87.51919468
92.8451829
73.86606
71.17161951
82.18444175
79.63540711
94.84513027
94.7729013
93.03766509
94.02897272
79.17103882
69.89932643
88.36973083
87.40841112
85.21968366
90.19469707
79.80645913
72.08600528
88.87841659
64.67668307
85.12744978
92.0042406
92.2160755
94.56856566
92.07002678
71.79966545
87.02799101
81.16523017
82.52910694
87.79318203
78.47161572
75.10335704
86.94557509
81.93253288
88.39673313
92.29189789
78.57365549
78.81115378
83.60764976
94.82565612
89.38763939
82.98784846
84.74892954
85.74816731
90.92912852
87.45207668
84.20798713
88.25432778
94.40740166
88.78654385
85.2268576
85.05451847
75.69892473
86.20838427
91.41531323
92.64066455
86.06152953
73.90223695
78.35439806
67.77324363
89.48511563
73.1342353
95.11538462
91.44937226
91.01292109