87.04188482
83.82838284
91.85162967
83.56936416
87.00697568
83.03061754
95.31631521
86.19181946
75.82916145
89.24240263
89.01811675
89.33728603
84.08964476
79.65222269
74.42366246
85.47132059
79.44029257
89.56827867
78.49069727
86.58639628
87.08010336
88.1405712
74.86855941
90.13124685
81.9094822
90.37579307
88.81404368
84.9209984
84.77121548
86.76393039
88.48161845
80.83394834
83.97252433
79.9267101
93.4157105
86.38433515
82.60579489
78.53982301
95.05317435
87.15265866
90.10257832
89.10156717
91.13777649
90.06895018
84.64562507
83.28336731
89.28173276
85.04926108
80.93023256
77.16388272
72.98587829
74.77624085
90.83390242
82.08119459
84.25279789
85.17940718
89.21439832
85.6743281
78.19422824
83.3518313
89.74537844
89.83851166
84.36930553
86.64472938
73.65061999
76.83028286
85.75089698
78.82417582
68.24297845
84.7667835
82.27581148
86.52137866
85.20500812
84.01128615
77.2662384
79.74008208
89.35953286
91.30180286
94.14332485
83.30226055
75.61192137
85.99429351
91.9255928
89.49829932
79.8971482
92.45312746
83.24241153
91.35406219
84.0357599
91.40328698
89.32038835
83.35508483
79.39779635
71.47991874
86.79852806
87.2368249
93.21219114
87.65712757
83.12315535
86.90704513
74.58597424
76.85705203
84.86233291
92.86495951
79.31255337
76.3314358
88.35864064
86.29482072
94.16041809
89.8106292
85.91291621
87.63836458
87.52429315