53.03459524
32.68463074
77.39570698
49.90028196
11.19503024
45.34679208
46.59371312
56.82937207
54.33361579
9.542396384
50.12179032
10.98531753
48.92291526
51.68703968
53.1873289
21.1412961
57.64539509
32.50574115
16.52908972
60.59249641
55.13129143
56.78449259
40.24914259
47.06410047
8.937247258
36.58151505
33.88343783
35.16455325
49.80335731
19.40110323
43.95263443
24.82094979
45.31023935
45.58164073
61.86723581
60.55468534
33.11821816
46.21650026
44.27412887
44.368782
57.36305627
29.47525677
24.89955162
34.66702591
58.64768203
44.56220643
33.12699615
43.3788285
55.19399249
71.54338367
45.30883241
39.17775091
59.44747964
31.82699297
25.65390969
58.34849545
32.6417704
13.59429154
52.14582058
32.31901654
48.68393675
34.30953622
55.19921875
46.25764766
46.42322409
38.6641246
54.82244472
59.6911958
36.62113587
34.16149068