17.09458122
21.0673537
16.17168535
17.73127753
30.98916425
23.72529937
10.32807962
66.34939628
44.9680642
13.14659342
18.96662159
16.10708606
62.18506774
87.8238342
45.06381716
46.2225645
21.56656347
28.15324711
55.74921136
20.57282866
56.46694076
25.61240542
27.12255296
33.86892772
27.58075601
26.28389155
41.69680767
48.07807608
10.78594585
42.9068927
33.91751126
42.77610558
28.2024273
32.69988016
53.68581375
14.79438315
39.51830023
35.48164912
16.72583826
20.2217351
30.22731542
21.16228967
24.81051263
27.24956354
26.09476181
29.58550645
43.01189346
28.2276408
37.27922207
8.235098096
17.33856791
53.00468365
42.08750222
69.10320853
25.04963214
28.53611102
50.20373411
19.17038304
33.40906222
22.4122807
18.8221506
30.2404439
28.97972358
42.25707829
45.32706357
34.57478761
16.08614635
36.75061288
16.54336018
29.36111111
13.41493724
42.97374951
35.91597796
39.26551422
56.245121
32.00172616
49.2361526